2.838299266069651302e-04
3.210550086536265841e-04
3.664165972434877349e-04
4.106124059016505391e-04
5.362392329523665846e-04
5.723003515761320098e-04
7.386169881134057582e-04
7.874645426661092953e-04
1.023581122658616741e-03
1.202706977683656907e-03
1.414383517316964182e-03
1.844738140987822825e-03
2.279724848472608045e-03
3.029930433840697865e-03
3.774281503883281444e-03
4.948982295545700967e-03
6.757554600502725488e-03
9.044107023243463592e-03
1.232391398272792392e-02
1.690049682550672644e-02
2.341240143391028206e-02
3.250271490757725146e-02
4.570552292038284475e-02
6.342095720455909191e-02
8.784937800671341335e-02
1.223857306592064792e-01
1.698968857050071335e-01
2.330403627651840837e-01
3.177301149315369111e-01
4.303978866530653313e-01
5.776658597453089294e-01
7.706397982864452434e-01
1.013630118117841095e+00
1.320023163108822839e+00
1.699546764430381440e+00
2.160821219478845645e+00
2.715558445120098696e+00
3.363094684809271318e+00
4.106826658871922220e+00
4.947931025650865067e+00
5.874841254561732562e+00
6.867879352068145593e+00
7.903790597270432094e+00
8.952720875592909522e+00
9.976756482092119072e+00
1.092188109882469504e+01
1.175387267750706144e+01
1.242215727035773298e+01
1.290124258963234993e+01
1.314567852892100852e+01
1.314666496435923015e+01
1.290944136723128643e+01
1.242628581519323205e+01
1.176042879260900520e+01
1.092271937166276885e+01
9.974986058949960821e+00
8.953309433666639450e+00
7.898416380746013488e+00
6.869063533321418724e+00
5.875746156755909944e+00
4.947715871672492938e+00
4.105516885720992271e+00
3.363392336748150857e+00
2.718295148396967509e+00
2.163093708146927696e+00
1.697100817499238357e+00
1.320655902503572010e+00
1.014679115337878468e+00
7.706840986991223552e-01
5.783474356728341981e-01
4.314469552955235154e-01
3.180127942620351034e-01
2.328170143627367739e-01
1.690490212283177196e-01
1.223147953605259741e-01
8.814362501225445068e-02
6.335235475863756904e-02
4.535082712580051217e-02
3.221430251435545428e-02
2.354267559299757021e-02
1.628525043151116472e-02
1.195174411305997657e-02
8.974326662102944871e-03
6.534247423592898577e-03
4.962965529917361465e-03
3.712650895619658796e-03
2.790330740734865093e-03
2.200641860810563163e-03
1.666788519449817355e-03
1.396958971062800276e-03
1.139905821376651024e-03
8.805401258314483112e-04
7.142205585833206593e-04
5.618320786265617066e-04
5.153084339546566261e-04
3.896824604104552853e-04
3.315251875805030998e-04
3.012893497393450640e-04
2.373014774645121382e-04
2.035729905340673480e-04
